﻿No,CurrentLv,NextLv,Credit,TotalCredit,Note_secret,Note_1,Note_2,Note_3,Note_4
0,1,2,5000,0,0,5,0,0,0
1,2,3,7500,5000,0,8,0,0,0
2,3,4,60000,12500,0,12,5,0,0
3,4,5,90000,72500,0,0,8,0,0
4,5,6,300000,162500,0,0,12,5,0
5,6,7,450000,462500,0,0,0,8,0
6,7,8,1500000,912500,0,0,0,12,8
7,8,9,2400000,2412500,0,0,0,0,12
8,9,10,4000000,4812500,1,0,0,0,0
9,10,,0,8812500,0,0,0,0,0
